frontier_list:
  - x: .25350589395
    y: 1.43722248077
    theta: 0.65496891014 
  - x: 0.368835091591
    y: 0.264439046383
    theta: 0.232635332371 