target1:
  position: 
    x: 1.17123651505
    y: 0.155040502548
    z: 0.08674008
target2:
  position: 
    x: -0.636758744717
    y: 1.03737902641
    z: 0.0867400839925
target3:
  position: 
    x: 1.4817237854
    y: 2.49109458923
    z: 0.031399898231